-0.001276607794408
-0.001302486043862
-0.001328500899144
-0.001354648694578
-0.001380925718895
-0.001407328215973
-0.001433852385590
-0.001460494384186
-0.001487250325645
-0.001514116282086
-0.001541088284666
-0.001568162324399
-0.001595334352982
-0.001622600283641
-0.001649955991981
-0.001677397316855
-0.001704920061238
-0.001732519993114
-0.001760192846380
-0.001787934321754
-0.001815740087696
-0.001843605781339
-0.001871527009430
-0.001899499349286
-0.001927518349749
-0.001955579532162
-0.001983678391346
-0.002011810396591
-0.002039970992652
-0.002068155600757
-0.002096359619619
-0.002124578426462
-0.002152807378048
-0.002181041811714
-0.002209277046421
-0.002237508383799
-0.002265731109211
-0.002293940492814
-0.002322131790631
-0.002350300245625
-0.002378441088782
-0.002406549540200
-0.002434620810175
-0.002462650100305
-0.002490632604581
-0.002518563510503
-0.002546438000176
-0.002574251251434
-0.002601998438945
-0.002629674735335
-0.002657275312304
-0.002684795341753
-0.002712229996903
-0.002739574453429
-0.002766823890577
-0.002793973492302
-0.002821018448392
-0.002847953955600
-0.002874775218770
-0.002901477451973
-0.002928055879629
-0.002954505737640
-0.002980822274516
-0.003007000752499
-0.003033036448692
-0.003058924656173
-0.003084660685121
-0.003110239863933
-0.003135657540334
-0.003160909082490
-0.003185989880117
-0.003210895345583
-0.003235620915005
-0.003260162049349
-0.003284514235516
-0.003308672987427
-0.003332633847106
-0.003356392385752
-0.003379944204806
-0.003403284937015
-0.003426410247487
-0.003449315834738
-0.003471997431736
-0.003494450806933
-0.003516671765291
-0.003538656149304
-0.003560399840004
-0.003581898757965
-0.003603148864295
-0.003624146161620
-0.003644886695061
-0.003665366553193
-0.003685581869006
-0.003705528820847
-0.003725203633353
-0.003744602578380
-0.003763721975910
-0.003782558194956
-0.003801107654451
-0.003819366824128
-0.003837332225383
-0.003855000432137
-0.003872368071668
-0.003889431825451
-0.003906188429964
-0.003922634677502
-0.003938767416960
-0.003954583554611
-0.003970080054871
-0.003985253941048
-0.004000102296073
-0.004014622263225
-0.004028811046835
-0.004042665912977
-0.004056184190143
-0.004069363269907
-0.004082200607567
-0.004094693722779
-0.004106840200168
-0.004118637689927
-0.004130083908403
-0.004141176638658
-0.004151913731024
-0.004162293103632
-0.004172312742932
-0.004181970704192
-0.004191265111980
-0.004200194160632
-0.004208756114698
-0.004216949309377
-0.004224772150927
-0.004232223117064
-0.004239300757340
-0.004246003693503
-0.004252330619841
-0.004258280303508
-0.004263851584829
-0.004269043377588
-0.004273854669302
-0.004278284521470
-0.004282332069808
-0.004285996524465
-0.004289277170217
-0.004292173366651
-0.004294684548316
-0.004296810224873
-0.004298549981210
-0.004299903477550
-0.004300870449535
-0.004301450708289
0.995698355859531
-0.004301450708289
-0.004300870449535
-0.004299903477550
-0.004298549981210
-0.004296810224873
-0.004294684548316
-0.004292173366651
-0.004289277170217
-0.004285996524465
-0.004282332069808
-0.004278284521470
-0.004273854669302
-0.004269043377588
-0.004263851584829
-0.004258280303508
-0.004252330619841
-0.004246003693503
-0.004239300757340
-0.004232223117064
-0.004224772150927
-0.004216949309377
-0.004208756114698
-0.004200194160632
-0.004191265111980
-0.004181970704192
-0.004172312742932
-0.004162293103632
-0.004151913731024
-0.004141176638658
-0.004130083908403
-0.004118637689927
-0.004106840200168
-0.004094693722779
-0.004082200607567
-0.004069363269907
-0.004056184190143
-0.004042665912977
-0.004028811046835
-0.004014622263225
-0.004000102296073
-0.003985253941048
-0.003970080054871
-0.003954583554611
-0.003938767416960
-0.003922634677502
-0.003906188429964
-0.003889431825451
-0.003872368071668
-0.003855000432137
-0.003837332225383
-0.003819366824128
-0.003801107654451
-0.003782558194956
-0.003763721975910
-0.003744602578380
-0.003725203633353
-0.003705528820847
-0.003685581869006
-0.003665366553193
-0.003644886695061
-0.003624146161620
-0.003603148864295
-0.003581898757965
-0.003560399840004
-0.003538656149304
-0.003516671765291
-0.003494450806933
-0.003471997431736
-0.003449315834738
-0.003426410247487
-0.003403284937015
-0.003379944204806
-0.003356392385752
-0.003332633847106
-0.003308672987427
-0.003284514235516
-0.003260162049349
-0.003235620915005
-0.003210895345583
-0.003185989880117
-0.003160909082490
-0.003135657540334
-0.003110239863933
-0.003084660685121
-0.003058924656173
-0.003033036448692
-0.003007000752499
-0.002980822274516
-0.002954505737640
-0.002928055879629
-0.002901477451973
-0.002874775218770
-0.002847953955600
-0.002821018448392
-0.002793973492302
-0.002766823890577
-0.002739574453429
-0.002712229996903
-0.002684795341753
-0.002657275312304
-0.002629674735335
-0.002601998438945
-0.002574251251434
-0.002546438000176
-0.002518563510503
-0.002490632604581
-0.002462650100305
-0.002434620810175
-0.002406549540200
-0.002378441088782
-0.002350300245625
-0.002322131790631
-0.002293940492814
-0.002265731109211
-0.002237508383799
-0.002209277046421
-0.002181041811714
-0.002152807378048
-0.002124578426462
-0.002096359619619
-0.002068155600757
-0.002039970992652
-0.002011810396591
-0.001983678391346
-0.001955579532162
-0.001927518349749
-0.001899499349286
-0.001871527009430
-0.001843605781339
-0.001815740087696
-0.001787934321754
-0.001760192846380
-0.001732519993114
-0.001704920061238
-0.001677397316855
-0.001649955991981
-0.001622600283641
-0.001595334352982
-0.001568162324399
-0.001541088284666
-0.001514116282086
-0.001487250325645
-0.001460494384186
-0.001433852385590
-0.001407328215973
-0.001380925718895
-0.001354648694578
-0.001328500899144
-0.001302486043862
-0.001276607794408
