-0.000545145829905
-0.000548001459084
-0.000550859178284
-0.000553718948857
-0.000556580732072
-0.000559444489115
-0.000562310181091
-0.000565177769024
-0.000568047213858
-0.000570918476458
-0.000573791517609
-0.000576666298020
-0.000579542778322
-0.000582420919069
-0.000585300680741
-0.000588182023741
-0.000591064908400
-0.000593949294974
-0.000596835143646
-0.000599722414528
-0.000602611067662
-0.000605501063017
-0.000608392360494
-0.000611284919925
-0.000614178701073
-0.000617073663633
-0.000619969767237
-0.000622866971447
-0.000625765235762
-0.000628664519616
-0.000631564782379
-0.000634465983360
-0.000637368081804
-0.000640271036897
-0.000643174807762
-0.000646079353463
-0.000648984633008
-0.000651890605342
-0.000654797229356
-0.000657704463884
-0.000660612267704
-0.000663520599539
-0.000666429418057
-0.000669338681875
-0.000672248349555
-0.000675158379608
-0.000678068730495
-0.000680979360625
-0.000683890228360
-0.000686801292011
-0.000689712509842
-0.000692623840072
-0.000695535240871
-0.000698446670365
-0.000701358086636
-0.000704269447722
-0.000707180711617
-0.000710091836274
-0.000713002779604
-0.000715913499479
-0.000718823953731
-0.000721734100151
-0.000724643896494
-0.000727553300479
-0.000730462269785
-0.000733370762060
-0.000736278734913
-0.000739186145922
-0.000742092952632
-0.000744999112554
-0.000747904583170
-0.000750809321928
-0.000753713286250
-0.000756616433527
-0.000759518721123
-0.000762420106374
-0.000765320546591
-0.000768219999058
-0.000771118421034
-0.000774015769757
-0.000776912002440
-0.000779807076273
-0.000782700948427
-0.000785593576050
-0.000788484916273
-0.000791374926206
-0.000794263562944
-0.000797150783561
-0.000800036545119
-0.000802920804662
-0.000805803519219
-0.000808684645808
-0.000811564141432
-0.000814441963083
-0.000817318067742
-0.000820192412380
-0.000823064953957
-0.000825935649426
-0.000828804455733
-0.000831671329816
-0.000834536228607
-0.000837399109034
-0.000840259928019
-0.000843118642483
-0.000845975209342
-0.000848829585513
-0.000851681727909
-0.000854531593447
-0.000857379139043
-0.000860224321613
-0.000863067098079
-0.000865907425364
-0.000868745260398
-0.000871580560113
-0.000874413281450
-0.000877243381355
-0.000880070816784
-0.000882895544700
-0.000885717522076
-0.000888536705895
-0.000891353053154
-0.000894166520858
-0.000896977066028
-0.000899784645699
-0.000902589216919
-0.000905390736754
-0.000908189162283
-0.000910984450607
-0.000913776558841
-0.000916565444122
-0.000919351063607
-0.000922133374471
-0.000924912333914
-0.000927687899157
-0.000930460027445
-0.000933228676047
-0.000935993802258
-0.000938755363397
-0.000941513316813
-0.000944267619880
-0.000947018230002
-0.000949765104614
-0.000952508201178
-0.000955247477189
-0.000957982890176
-0.000960714397698
-0.000963441957350
-0.000966165526760
-0.000968885063593
-0.000971600525550
-0.000974311870368
-0.000977019055825
-0.000979722039737
-0.000982420779957
-0.000985115234383
-0.000987805360953
-0.000990491117646
-0.000993172462486
-0.000995849353542
-0.000998521748925
-0.001001189606796
-0.001003852885359
-0.001006511542867
-0.001009165537624
-0.001011814827979
-0.001014459372333
-0.001017099129141
-0.001019734056904
-0.001022364114182
-0.001024989259583
-0.001027609451774
-0.001030224649474
-0.001032834811461
-0.001035439896568
-0.001038039863686
-0.001040634671765
-0.001043224279816
-0.001045808646907
-0.001048387732172
-0.001050961494802
-0.001053529894054
-0.001056092889248
-0.001058650439769
-0.001061202505067
-0.001063749044659
-0.001066290018127
-0.001068825385123
-0.001071355105367
-0.001073879138650
-0.001076397444831
-0.001078909983841
-0.001081416715685
-0.001083917600439
-0.001086412598253
-0.001088901669352
-0.001091384774036
-0.001093861872681
-0.001096332925742
-0.001098797893749
-0.001101256737313
-0.001103709417122
-0.001106155893948
-0.001108596128640
-0.001111030082133
-0.001113457715440
-0.001115878989663
-0.001118293865983
-0.001120702305671
-0.001123104270080
-0.001125499720653
-0.001127888618918
-0.001130270926494
-0.001132646605086
-0.001135015616491
-0.001137377922597
-0.001139733485382
-0.001142082266919
-0.001144424229372
-0.001146759334999
-0.001149087546153
-0.001151408825283
-0.001153723134934
-0.001156030437749
-0.001158330696467
-0.001160623873926
-0.001162909933065
-0.001165188836922
-0.001167460548635
-0.001169725031447
-0.001171982248700
-0.001174232163840
-0.001176474740419
-0.001178709942092
-0.001180937732619
-0.001183158075868
-0.001185370935814
-0.001187576276538
-0.001189774062232
-0.001191964257194
-0.001194146825836
-0.001196321732678
-0.001198488942353
-0.001200648419605
-0.001202800129292
-0.001204944036385
-0.001207080105972
-0.001209208303252
-0.001211328593544
-0.001213440942281
-0.001215545315014
-0.001217641677413
-0.001219729995267
-0.001221810234483
-0.001223882361090
-0.001225946341236
-0.001228002141194
-0.001230049727355
-0.001232089066238
-0.001234120124481
-0.001236142868851
-0.001238157266238
-0.001240163283656
-0.001242160888250
-0.001244150047290
-0.001246130728172
-0.001248102898425
-0.001250066525705
-0.001252021577797
-0.001253968022619
-0.001255905828219
-0.001257834962777
-0.001259755394608
-0.001261667092157
-0.001263570024006
-0.001265464158870
-0.001267349465599
-0.001269225913182
-0.001271093470742
-0.001272952107540
-0.001274801792975
-0.001276642496586
-0.001278474188049
-0.001280296837182
-0.001282110413942
-0.001283914888428
-0.001285710230882
-0.001287496411687
-0.001289273401369
-0.001291041170599
-0.001292799690191
-0.001294548931104
-0.001296288864445
-0.001298019461464
-0.001299740693559
-0.001301452532277
-0.001303154949311
-0.001304847916503
-0.001306531405844
-0.001308205389476
-0.001309869839692
-0.001311524728932
-0.001313170029792
-0.001314805715019
-0.001316431757510
-0.001318048130320
-0.001319654806653
-0.001321251759871
-0.001322838963490
-0.001324416391181
-0.001325984016771
-0.001327541814244
-0.001329089757743
-0.001330627821566
-0.001332155980170
-0.001333674208173
-0.001335182480349
-0.001336680771635
-0.001338169057127
-0.001339647312081
-0.001341115511917
-0.001342573632216
-0.001344021648720
-0.001345459537337
-0.001346887274136
-0.001348304835351
-0.001349712197382
-0.001351109336792
-0.001352496230310
-0.001353872854832
-0.001355239187420
-0.001356595205305
-0.001357940885881
-0.001359276206715
-0.001360601145539
-0.001361915680256
-0.001363219788939
-0.001364513449828
-0.001365796641336
-0.001367069342046
-0.001368331530712
-0.001369583186261
-0.001370824287790
-0.001372054814572
-0.001373274746050
-0.001374484061841
-0.001375682741737
-0.001376870765705
-0.001378048113885
-0.001379214766593
-0.001380370704322
-0.001381515907738
-0.001382650357687
-0.001383774035189
-0.001384886921443
-0.001385988997826
-0.001387080245892
-0.001388160647373
-0.001389230184182
-0.001390288838410
-0.001391336592327
-0.001392373428384
-0.001393399329213
-0.001394414277625
-0.001395418256614
-0.001396411249353
-0.001397393239201
-0.001398364209694
-0.001399324144556
-0.001400273027689
-0.001401210843181
-0.001402137575304
-0.001403053208513
-0.001403957727446
-0.001404851116928
-0.001405733361968
-0.001406604447759
-0.001407464359682
-0.001408313083301
-0.001409150604370
-0.001409976908825
-0.001410791982791
-0.001411595812582
-0.001412388384696
-0.001413169685820
-0.001413939702829
-0.001414698422788
-0.001415445832947
-0.001416181920747
-0.001416906673817
-0.001417620079977
-0.001418322127236
-0.001419012803790
-0.001419692098030
-0.001420359998533
-0.001421016494069
-0.001421661573598
-0.001422295226271
-0.001422917441430
-0.001423528208610
-0.001424127517537
-0.001424715358126
-0.001425291720490
-0.001425856594929
-0.001426409971938
-0.001426951842206
-0.001427482196612
-0.001428001026230
-0.001428508322327
-0.001429004076365
-0.001429488279996
-0.001429960925070
-0.001430422003630
-0.001430871507910
-0.001431309430344
-0.001431735763555
-0.001432150500366
-0.001432553633791
-0.001432945157040
-0.001433325063519
-0.001433693346830
-0.001434050000767
-0.001434395019325
-0.001434728396689
-0.001435050127244
-0.001435360205570
-0.001435658626441
-0.001435945384831
-0.001436220475907
-0.001436483895033
-0.001436735637772
-0.001436975699881
-0.001437204077313
-0.001437420766222
-0.001437625762954
-0.001437819064055
-0.001438000666266
-0.001438170566528
-0.001438328761977
-0.001438475249946
-0.001438610027965
-0.001438733093764
-0.001438844445268
-0.001438944080600
-0.001439031998081
-0.001439108196228
-0.001439172673757
-0.001439225429581
-0.001439266462811
-0.001439295772755
-0.001439313358919
0.998560680778993
-0.001439313358919
-0.001439295772755
-0.001439266462811
-0.001439225429581
-0.001439172673757
-0.001439108196228
-0.001439031998081
-0.001438944080600
-0.001438844445268
-0.001438733093764
-0.001438610027965
-0.001438475249946
-0.001438328761977
-0.001438170566528
-0.001438000666266
-0.001437819064055
-0.001437625762954
-0.001437420766222
-0.001437204077313
-0.001436975699881
-0.001436735637772
-0.001436483895033
-0.001436220475907
-0.001435945384831
-0.001435658626441
-0.001435360205570
-0.001435050127244
-0.001434728396689
-0.001434395019325
-0.001434050000767
-0.001433693346830
-0.001433325063519
-0.001432945157040
-0.001432553633791
-0.001432150500366
-0.001431735763555
-0.001431309430344
-0.001430871507910
-0.001430422003630
-0.001429960925070
-0.001429488279996
-0.001429004076365
-0.001428508322327
-0.001428001026230
-0.001427482196612
-0.001426951842206
-0.001426409971938
-0.001425856594929
-0.001425291720490
-0.001424715358126
-0.001424127517537
-0.001423528208610
-0.001422917441430
-0.001422295226271
-0.001421661573598
-0.001421016494069
-0.001420359998533
-0.001419692098030
-0.001419012803790
-0.001418322127236
-0.001417620079977
-0.001416906673817
-0.001416181920747
-0.001415445832947
-0.001414698422788
-0.001413939702829
-0.001413169685820
-0.001412388384696
-0.001411595812582
-0.001410791982791
-0.001409976908825
-0.001409150604370
-0.001408313083301
-0.001407464359682
-0.001406604447759
-0.001405733361968
-0.001404851116928
-0.001403957727446
-0.001403053208513
-0.001402137575304
-0.001401210843181
-0.001400273027689
-0.001399324144556
-0.001398364209694
-0.001397393239201
-0.001396411249353
-0.001395418256614
-0.001394414277625
-0.001393399329213
-0.001392373428384
-0.001391336592327
-0.001390288838410
-0.001389230184182
-0.001388160647373
-0.001387080245892
-0.001385988997826
-0.001384886921443
-0.001383774035189
-0.001382650357687
-0.001381515907738
-0.001380370704322
-0.001379214766593
-0.001378048113885
-0.001376870765705
-0.001375682741737
-0.001374484061841
-0.001373274746050
-0.001372054814572
-0.001370824287790
-0.001369583186261
-0.001368331530712
-0.001367069342046
-0.001365796641336
-0.001364513449828
-0.001363219788939
-0.001361915680256
-0.001360601145539
-0.001359276206715
-0.001357940885881
-0.001356595205305
-0.001355239187420
-0.001353872854832
-0.001352496230310
-0.001351109336792
-0.001349712197382
-0.001348304835351
-0.001346887274136
-0.001345459537337
-0.001344021648720
-0.001342573632216
-0.001341115511917
-0.001339647312081
-0.001338169057127
-0.001336680771635
-0.001335182480349
-0.001333674208173
-0.001332155980170
-0.001330627821566
-0.001329089757743
-0.001327541814244
-0.001325984016771
-0.001324416391181
-0.001322838963490
-0.001321251759871
-0.001319654806653
-0.001318048130320
-0.001316431757510
-0.001314805715019
-0.001313170029792
-0.001311524728932
-0.001309869839692
-0.001308205389476
-0.001306531405844
-0.001304847916503
-0.001303154949311
-0.001301452532277
-0.001299740693559
-0.001298019461464
-0.001296288864445
-0.001294548931104
-0.001292799690191
-0.001291041170599
-0.001289273401369
-0.001287496411687
-0.001285710230882
-0.001283914888428
-0.001282110413942
-0.001280296837182
-0.001278474188049
-0.001276642496586
-0.001274801792975
-0.001272952107540
-0.001271093470742
-0.001269225913182
-0.001267349465599
-0.001265464158870
-0.001263570024006
-0.001261667092157
-0.001259755394608
-0.001257834962777
-0.001255905828219
-0.001253968022619
-0.001252021577797
-0.001250066525705
-0.001248102898425
-0.001246130728172
-0.001244150047290
-0.001242160888250
-0.001240163283656
-0.001238157266238
-0.001236142868851
-0.001234120124481
-0.001232089066238
-0.001230049727355
-0.001228002141194
-0.001225946341236
-0.001223882361090
-0.001221810234483
-0.001219729995267
-0.001217641677413
-0.001215545315014
-0.001213440942281
-0.001211328593544
-0.001209208303252
-0.001207080105972
-0.001204944036385
-0.001202800129292
-0.001200648419605
-0.001198488942353
-0.001196321732678
-0.001194146825836
-0.001191964257194
-0.001189774062232
-0.001187576276538
-0.001185370935814
-0.001183158075868
-0.001180937732619
-0.001178709942092
-0.001176474740419
-0.001174232163840
-0.001171982248700
-0.001169725031447
-0.001167460548635
-0.001165188836922
-0.001162909933065
-0.001160623873926
-0.001158330696467
-0.001156030437749
-0.001153723134934
-0.001151408825283
-0.001149087546153
-0.001146759334999
-0.001144424229372
-0.001142082266919
-0.001139733485382
-0.001137377922597
-0.001135015616491
-0.001132646605086
-0.001130270926494
-0.001127888618918
-0.001125499720653
-0.001123104270080
-0.001120702305671
-0.001118293865983
-0.001115878989663
-0.001113457715440
-0.001111030082133
-0.001108596128640
-0.001106155893948
-0.001103709417122
-0.001101256737313
-0.001098797893749
-0.001096332925742
-0.001093861872681
-0.001091384774036
-0.001088901669352
-0.001086412598253
-0.001083917600439
-0.001081416715685
-0.001078909983841
-0.001076397444831
-0.001073879138650
-0.001071355105367
-0.001068825385123
-0.001066290018127
-0.001063749044659
-0.001061202505067
-0.001058650439769
-0.001056092889248
-0.001053529894054
-0.001050961494802
-0.001048387732172
-0.001045808646907
-0.001043224279816
-0.001040634671765
-0.001038039863686
-0.001035439896568
-0.001032834811461
-0.001030224649474
-0.001027609451774
-0.001024989259583
-0.001022364114182
-0.001019734056904
-0.001017099129141
-0.001014459372333
-0.001011814827979
-0.001009165537624
-0.001006511542867
-0.001003852885359
-0.001001189606796
-0.000998521748925
-0.000995849353542
-0.000993172462486
-0.000990491117646
-0.000987805360953
-0.000985115234383
-0.000982420779957
-0.000979722039737
-0.000977019055825
-0.000974311870368
-0.000971600525550
-0.000968885063593
-0.000966165526760
-0.000963441957350
-0.000960714397698
-0.000957982890176
-0.000955247477189
-0.000952508201178
-0.000949765104614
-0.000947018230002
-0.000944267619880
-0.000941513316813
-0.000938755363397
-0.000935993802258
-0.000933228676047
-0.000930460027445
-0.000927687899157
-0.000924912333914
-0.000922133374471
-0.000919351063607
-0.000916565444122
-0.000913776558841
-0.000910984450607
-0.000908189162283
-0.000905390736754
-0.000902589216919
-0.000899784645699
-0.000896977066028
-0.000894166520858
-0.000891353053154
-0.000888536705895
-0.000885717522076
-0.000882895544700
-0.000880070816784
-0.000877243381355
-0.000874413281450
-0.000871580560113
-0.000868745260398
-0.000865907425364
-0.000863067098079
-0.000860224321613
-0.000857379139043
-0.000854531593447
-0.000851681727909
-0.000848829585513
-0.000845975209342
-0.000843118642483
-0.000840259928019
-0.000837399109034
-0.000834536228607
-0.000831671329816
-0.000828804455733
-0.000825935649426
-0.000823064953957
-0.000820192412380
-0.000817318067742
-0.000814441963083
-0.000811564141432
-0.000808684645808
-0.000805803519219
-0.000802920804662
-0.000800036545119
-0.000797150783561
-0.000794263562944
-0.000791374926206
-0.000788484916273
-0.000785593576050
-0.000782700948427
-0.000779807076273
-0.000776912002440
-0.000774015769757
-0.000771118421034
-0.000768219999058
-0.000765320546591
-0.000762420106374
-0.000759518721123
-0.000756616433527
-0.000753713286250
-0.000750809321928
-0.000747904583170
-0.000744999112554
-0.000742092952632
-0.000739186145922
-0.000736278734913
-0.000733370762060
-0.000730462269785
-0.000727553300479
-0.000724643896494
-0.000721734100151
-0.000718823953731
-0.000715913499479
-0.000713002779604
-0.000710091836274
-0.000707180711617
-0.000704269447722
-0.000701358086636
-0.000698446670365
-0.000695535240871
-0.000692623840072
-0.000689712509842
-0.000686801292011
-0.000683890228360
-0.000680979360625
-0.000678068730495
-0.000675158379608
-0.000672248349555
-0.000669338681875
-0.000666429418057
-0.000663520599539
-0.000660612267704
-0.000657704463884
-0.000654797229356
-0.000651890605342
-0.000648984633008
-0.000646079353463
-0.000643174807762
-0.000640271036897
-0.000637368081804
-0.000634465983360
-0.000631564782379
-0.000628664519616
-0.000625765235762
-0.000622866971447
-0.000619969767237
-0.000617073663633
-0.000614178701073
-0.000611284919925
-0.000608392360494
-0.000605501063017
-0.000602611067662
-0.000599722414528
-0.000596835143646
-0.000593949294974
-0.000591064908400
-0.000588182023741
-0.000585300680741
-0.000582420919069
-0.000579542778322
-0.000576666298020
-0.000573791517609
-0.000570918476458
-0.000568047213858
-0.000565177769024
-0.000562310181091
-0.000559444489115
-0.000556580732072
-0.000553718948857
-0.000550859178284
-0.000548001459084
-0.000545145829905
