0
0.004313636363636
0.008627272727273
0.012940909090909
0.017254545454545
0.021568181818182
0.025881818181818
0.030195454545455
0.034509090909091
0.038822727272727
0.043136363636364
0.047450000000000
0.051763636363636
0.056077272727273
0.060390909090909
0.064704545454545
0.069018181818182
0.073331818181818
0.077645454545455
0.081959090909091
0.086272727272727
0.090586363636364
0.094900000000000
0.099213636363636
0.103527272727273
0.107840909090909
0.112154545454545
0.116468181818182
0.120781818181818
0.125095454545455
0.129409090909091
0.133722727272727
0.138036363636364
0.142350000000000
0.146663636363636
0.150977272727273
0.155290909090909
0.159604545454545
0.163918181818182
0.168231818181818
0.172545454545455
0.176859090909091
0.181172727272727
0.185486363636364
0.189800000000000
0.206200000000000
0.255000000000000
0.295500000000000
0.349500000000000
0.398900000000000
0.455500000000000
0.532600000000000
0.596400000000000
0.660600000000000
0.733300000000000
0.807500000000000
0.875400000000000
0.939900000000000
1.014000000000000
1.094200000000000
1.162700000000000
1.229100000000000
1.293500000000000
1.374800000000000
1.449300000000000
1.530900000000000
1.619300000000000
1.694900000000000
1.774200000000000
1.849700000000000
1.939400000000000
2.015400000000000
2.078300000000000
2.147000000000000
2.211800000000000
2.270500000000000
2.320100000000000
2.375800000000000
2.431800000000000
2.484900000000000
2.544800000000000
2.596400000000000
2.651000000000000
2.698600000000000
2.744100000000000
2.796700000000000
2.842500000000000
2.883800000000000
2.920100000000000
2.960000000000000
2.998300000000000
3.023100000000000
3.051400000000000
3.070700000000000
3.083000000000000
3.091000000000000
3.090100000000000
3.079300000000000
3.061700000000000
3.050800000000000
3.035600000000000
3.019600000000000
2.999200000000000
2.973300000000000
2.944500000000000
2.908900000000000
2.863400000000000
2.815000000000000
2.764600000000000
2.711100000000000
2.646100000000000
2.579600000000000
2.502100000000000
2.419400000000000
2.332900000000000
2.237600000000000
2.132600000000000
2.023000000000000
1.909100000000000
1.788800000000000
1.660700000000000
1.524000000000000
1.371700000000000
1.207300000000000
1.036300000000000
0.850300000000000
0.656100000000000
0.440600000000000
0.220600000000000
-0.028100000000000
-0.229600000000000
-0.264100000000000
-0.251100000000000
-0.165700000000000
-0.170400000000000
-0.180700000000000
-0.161800000000000
-0.156100000000000
-0.153400000000000
-0.122400000000000
-0.089500000000000
-0.052400000000000
-0.021000000000000
-0.014000000000000
-0.007000000000000
