-0.000002038
-0.000006217
-0.000008771
0.000015165
0.000028449
-0.000012599
-0.000006847
0.000061057
0.000000017
-0.000008043
0.000037223
0.000029601
0.000042499
0.000232624
0.000321735
0.000219101
0.000262965
0.000286388
0.000226882
0.000126352
0.000279804
0.000223109
0.000297766
0.000378841
0.000253622
0.000334643
0.000124926
0.000442466
0.000607660
0.000665464
0.000496793
0.000276968
0.000667424
0.000340637
-0.000200064
0.000361175
0.000435859
0.000203930
0.000944708
0.000818055
0.000476805
0.000704391
0.000815119
0.000347279
0.000199569
0.000194566
0.000967119
0.001019470
0.001020841
0.001340357
0.001029196
0.000821438
0.001050905
0.001235534
0.000660897
0.000512606
0.000655801
0.000918503
-0.000248310
-0.000481002
0.000330198
0.000015713
0.000409532
0.000426917
0.000911683
0.000546079
0.000834640
0.001129566
-0.000081803
0.000069405
0.000235015
0.000746858
0.000650664
0.000717928
0.001763187
0.001841666
0.001729072
0.002335730
0.002365936
0.002262249
0.002671128
0.002680879
0.002620623
0.001705094
0.001850062
0.002181300
0.002007227
0.001782274
0.001530990
0.003571736
0.001996841
0.003057164
0.002539070
0.000782021
0.002059843
0.001380785
0.001034538
0.000756088
0.001332141
0.001504252
0.002863100
0.001259298
0.002485225
0.003350659
0.001813914
0.004055856
0.002554604
0.003169413
0.003416094
0.002740225
0.003269733
0.002932902
0.002421628
0.003605468
0.003899865
0.003151800
0.005055994
0.003889508
0.003648304
0.003635788
0.002895384
0.006908547
0.008434109
0.004955623
0.005360102
0.006410891
0.005489441
0.006294503
0.006061326
0.005570792
0.005485922
0.004720984
0.006842364
0.005835343
0.003106314
0.005655122
0.003739995
0.002991906
0.003354520
0.004047522
0.006562616
0.004451052
0.004722616
0.005835892
0.005448385
0.006392119
0.004456923
0.003784403
0.006186156
0.003673155
0.004220524
0.004389391
0.002729243
0.005236252
0.002578261
0.003802078
0.000943164
0.001478644
0.000386249
-0.001597501
-0.001361203
-0.004897984
-0.002704360
-0.004188554
-0.003620981
-0.003500978
-0.005157841
-0.003220906
-0.004020179
-0.006803681
-0.005365521
-0.005942099
-0.008169270
-0.008293159
-0.008252652
-0.009036964
-0.011154408
-0.009480971
-0.010414069
-0.013225536
-0.011834447
-0.011801307
-0.015175891
-0.013814710
-0.015736726
-0.015318993
-0.018471063
-0.017415292
-0.018930066
-0.021529081
-0.021362451
-0.022285193
-0.024308829
-0.026840612
-0.024877539
-0.024978239
-0.027632466
-0.028148758
-0.028371434
-0.034114222
-0.026064610
-0.036511990
-0.034431511
-0.033053302
-0.031867090
-0.036747827
-0.034591145
-0.037768793
-0.041112308
-0.039831673
-0.030501713
-0.006379364
0.006008571
0.010120827
0.001648609
0.003746876
0.003683882
0.009244385
0.002913076
0.003113192
0.007469306
0.008884929
0.011891126
0.014138037
0.013163666
0.013774836
0.013300301
0.012235640
0.008795273
0.009663844
0.006522073
0.007716722
0.005996412
0.007420600
0.005282646
0.006981288
0.008457435
0.009273807
0.010422335
0.008668408
0.011074348
0.009353039
0.007995575
0.005636389
0.006155405
0.006751250
0.006227014
0.006245858
0.005514868
0.004077280
0.007341101
0.003253748
0.005200136
0.001374165
0.005263440
0.005462170
0.006729444
0.007088844
0.007080142
0.004635285
0.005151452
0.004623643
0.003123982
0.003105310
0.002555781
0.002261093
0.001358339
0.001433494
0.000591903
0.002558462
0.001549586
0.003381724
0.001365845
0.002946661
0.003378414
0.001364513
0.003265215
0.000778100
0.002580421
0.002775773
0.001098364
0.003603836
0.002572788
0.004126202
0.004444658
0.004479552
0.004015946
0.003942541
0.004575460
0.003592202
0.003403799
0.004588325
0.002783895
0.003885822
0.003325608
0.003069399
0.003061238
0.003702730
0.003470599
0.003804127
0.003675461
0.002297333
0.003163517
0.001746486
0.002751184
0.001705747
0.002154373
0.002624777
0.002562671
0.002462174
0.002944844
0.002565771
0.003048094
0.003146941
0.001957550
0.003285245
0.001931285
0.002378666
0.002633194
0.001526101
0.002337372
0.002825054
0.001279566
0.002768115
0.002359164
0.001993260
0.003415435
0.001576617
0.002424746
0.001147141
0.002115170
0.004806068
0.004899223
0.003564412
0.002368321
0.003481938
0.004086108
0.001895547
0.003050458
0.003697750
0.001880888
0.001363487
0.002006186
0.002314054
0.000972219
0.001695785
0.001283334
0.000605726
0.000972081
0.001734694
0.001483421
0.001194901
0.001970035
0.001399732
0.002321535
0.001522677
0.001634891
0.001839414
0.001152690
0.001718647
0.000712144
0.000647210
0.001081121
0.000483871
0.000276472
0.000138960
-0.000075075
-0.000043486
-0.000185609
-0.000385249
-0.000657805
-0.000356685
-0.000515616
-0.000687131
-0.000572903
-0.000395445
-0.000403095
-0.000470325
-0.000389394
-0.000505780
-0.000453276
-0.000441571
-0.000457183
-0.000585636
-0.000546861
-0.000545385
-0.000598027
-0.000705399
-0.000574900
-0.000526789
-0.000658654
-0.000550705
-0.000569715
-0.000530996
-0.000583586
-0.000498733
-0.000480438
-0.000480517
-0.000481063
-0.000371663
-0.000398836
-0.000412007
-0.000319945
-0.000245611
-0.000252332
-0.000258824
-0.000189898
-0.000138611
-0.000147293
-0.000140686
-0.000085089
-0.000063090
-0.000055418
-0.000035842
-0.000016980
-0.000008664
-0.000002320
-0.000000000
-0.000000000
